27 21 30
33 160 121 23 148 18 46 148 122 188 282 183 123 286 53 32 263 139 59 181 54 
248 61 284 251 149 213 201 122 144 237 61 60 164 87 5 11 213 4 175 69 36 
65 236 291 230 134 102 108 158 120 178 182 161 133 189 114 291 260 264 225 248 242 
261 288 111 24 181 27 102 132 209 148 239 207 99 4 79 194 239 40 14 197 202 
55 7 188 36 99 156 268 121 114 81 14 201 16 199 59 191 208 228 111 247 32 
106 113 183 242 55 75 64 262 9 72 94 8 86 199 128 221 85 31 252 213 61 
96 171 47 299 198 155 128 64 96 172 45 132 172 231 30 135 272 292 18 113 62 
148 28 48 36 259 118 19 142 245 176 133 277 295 66 213 32 264 288 31 269 272 
131 6 141 277 48 90 27 62 59 10 281 248 143 166 150 180 181 281 186 274 87 
174 266 132 270 140 185 105 48 96 133 206 269 132 57 277 188 294 211 163 118 238 
86 32 101 230 121 65 29 244 74 54 263 122 156 181 23 235 284 189 32 270 180 
195 236 228 84 290 208 130 119 182 207 236 10 223 166 90 25 92 16 165 85 270 
105 27 256 193 6 175 64 4 62 57 207 127 33 138 62 228 70 230 15 69 138 
43 71 193 181 87 97 33 107 70 158 4 181 84 135 135 276 121 196 17 245 68 
108 35 232 157 204 243 93 110 51 114 29 128 145 149 30 33 23 199 282 202 18 
154 273 157 17 68 94 220 51 50 220 48 268 184 239 290 130 33 210 154 219 241 
226 166 186 156 85 227 27 39 7 50 239 222 295 285 135 242 173 277 270 221 193 
47 219 66 62 268 250 54 240 196 235 81 164 35 226 50 181 296 22 282 162 243 
240 212 204 251 3 143 260 199 28 213 76 90 268 170 167 33 25 65 38 10 128 
189 148 82 280 74 247 241 193 62 253 63 107 239 172 261 52 200 231 267 82 239 
27 125 39 170 149 214 282 125 31 293 87 111 293 278 86 83 144 72 293 266 273 
238 260 96 131 28 148 73 115 39 213 105 1 298 294 9 72 290 239 203 82 263 
38 249 83 292 29 11 71 106 183 255 76 222 73 260 166 254 170 121 167 75 2 
163 118 120 209 185 109 70 138 212 268 167 187 246 153 104 297 44 200 23 103 272 
30 46 239 274 73 84 131 29 266 81 203 206 169 65 209 182 212 275 55 5 7 
104 81 31 183 255 193 241 66 28 143 273 259 207 33 88 260 257 21 239 215 187 
155 177 265 234 246 151 172 32 110 33 194 214 56 127 248 90 254 139 140 195 68 
16 0 18
15 0 12
8 1 16
6 1 4
3 0 13
27 0 19
17 0 11
26 0 2
27 1 7
3 0 6
4 1 20
15 0 2
20 1 16
22 0 12
25 0 5
25 1 5
25 0 14
18 1 3
3 0 3
15 1 1
20 1 2
19 0 19
17 1 8
13 1 2
25 0 15
2 1 13
10 0 6
26 0 13
8 1 8
9 1 1
